[{"id": 0, "img_name": "frame_001.png", "width": 1011, "height": 568, "position": [0.4726769187015155, 2.0010291700695446, -2.727808262726021], "rotation": [[0.9997298732286165, 0.020500851754073783, -0.01094968728557596], [-0.02048765147645241, 0.9997892394518927, 0.0013163636220525714], [0.010974366098952202, -0.0010916746601143572, 0.9999391839182835]], "fy": 863.9410726153199, "fx": 863.9410726153201}, {"id": 1, "img_name": "frame_002.png", "width": 1010, "height": 568, "position": [0.42080800514610184, 2.0038592173276273, -2.7574759416779426], "rotation": [[0.9999175628053157, 0.011629348073796817, 0.005442963977096854], [-0.011634455260630335, 0.9999319055489343, 0.0009075880484009042], [-0.005432038684130191, -0.0009708391502650211, 0.9999847750976404]], "fy": 863.6558427967575, "fx": 863.6558427967576}, {"id": 2, "img_name": "frame_003.png", "width": 1015, "height": 570, "position": [0.3363723658127384, 2.015728849640637, -2.8291128529719067], "rotation": [[0.9995755404974552, -0.0028444924895274413, 0.028993925255088312], [0.0027981808763279255, 0.9999947439895035, 0.0016377353725707392], [-0.028998431388679947, -0.0015559099730507284, 0.9995782461224094]], "fy": 866.5257238960013, "fx": 866.5257238960014}, {"id": 3, "img_name": "frame_004.png", "width": 1016, "height": 571, "position": [0.18312905187116008, 2.0041527870154896, -2.8905762435782583], "rotation": [[0.9967502245231387, -0.026896715865087642, 0.07593126226229165], [0.02644845188373472, 0.9996263431035731, 0.006903156258627223], [-0.07608856225495357, -0.004872458214289533, 0.9970891584231192]], "fy": 866.5944303120809, "fx": 866.5944303120809}, {"id": 4, "img_name": "frame_005.png", "width": 1020, "height": 573, "position": [-0.1669279425835179, 1.9455724841938504, -2.7667785568513494], "rotation": [[0.9895112713199002, -0.062407127596151274, 0.13027967744845018], [0.059976155049123805, 0.9979460967997461, 0.022504415292899493], [-0.1314165315186715, -0.014454698452389902, 0.9912218505139263]], "fy": 869.9515210578705, "fx": 869.9515210578708}, {"id": 5, "img_name": "frame_006.png", "width": 1022, "height": 574, "position": [-0.6454591623127025, 1.7701191520386568, -2.52978571168432], "rotation": [[0.9710715611279975, -0.11280788172437134, 0.21046236002975463], [0.10347377358838954, 0.9931167871239671, 0.05488374360361969], [-0.2152050216603054, -0.031518707991118756, 0.9760601260674252]], "fy": 875.2826168450827, "fx": 875.2826168450827}, {"id": 6, "img_name": "frame_007.png", "width": 1024, "height": 574, "position": [-1.1304346569693084, 1.645817901309423, -2.300955105359241], "rotation": [[0.9359104949732447, -0.1775601862087565, 0.3042103313045887], [0.1564434538805464, 0.9833322611258304, 0.09264507524465102], [-0.31558990975134366, -0.03911578329361966, 0.9480891120356069]], "fy": 878.116990225097, "fx": 878.7886187550558}, {"id": 7, "img_name": "frame_008.png", "width": 1019, "height": 572, "position": [-1.6195992693406887, 1.5078265710504042, -1.9805835827026348], "rotation": [[0.8791658732850373, -0.2539879730025066, 0.403184172334475], [0.21876188248861347, 0.9668058247073827, 0.1320217257950949], [-0.42333273676978456, -0.02786766732173906, 0.9055455742794225]], "fy": 879.0423457001953, "fx": 879.0423457001955}, {"id": 8, "img_name": "frame_009.png", "width": 1015, "height": 570, "position": [-2.2354994330033335, 1.3633502104534139, -1.588073655900754], "rotation": [[0.7920559668232282, -0.3287046443955293, 0.5143934313077195], [0.27457637431227516, 0.9444308653836638, 0.18071567497090324], [-0.5452111151556306, -0.0018966453206670745, 0.8382966316568864]], "fy": 877.6625850574935, "fx": 877.6625850574934}, {"id": 9, "img_name": "frame_010.png", "width": 1019, "height": 572, "position": [-2.740525821461998, 1.153650598916038, -1.271714075618543], "rotation": [[0.6916338614999727, -0.3936398458450579, 0.6055495631157829], [0.32542128328738706, 0.9183391116155201, 0.22528707122426625], [-0.6447818158185191, 0.041242548906396, 0.7632532097210446]], "fy": 879.3465514254117, "fx": 879.3465514254117}, {"id": 10, "img_name": "frame_011.png", "width": 1009, "height": 567, "position": [-2.8650916782066878, 0.9811510302094338, -0.8040211700636459], "rotation": [[0.5857830529809939, -0.4426394037359804, 0.6789172063665212], [0.3630724833707155, 0.8922484066882245, 0.2684607095672409], [-0.7245940840631309, 0.08923642206285916, 0.6833741832394109]], "fy": 870.4091902343883, "fx": 870.4091902343882}, {"id": 11, "img_name": "frame_012.png", "width": 1015, "height": 570, "position": [-2.846008703506311, 0.693099102491301, -0.19294125554621605], "rotation": [[0.4718905380895382, -0.48211661097949854, 0.7381618342065708], [0.3851225502677007, 0.8658608609629377, 0.31932051410428175], [-0.7930951653722701, 0.1335984388762208, 0.5942655263373168]], "fy": 866.2410795362349, "fx": 866.2410795362349}, {"id": 12, "img_name": "frame_013.png", "width": 1021, "height": 574, "position": [-2.920795527414711, 0.47519476777868297, 0.2669653672588832], "rotation": [[0.34414681939164526, -0.5182359821598128, 0.7829396103771147], [0.39604253251066507, 0.8361865725852459, 0.379397322434777], [-0.8513009333632572, 0.17950900429503117, 0.4930144401859376]], "fy": 867.3932036779403, "fx": 867.3932036779403}, {"id": 13, "img_name": "frame_014.png", "width": 1024, "height": 573, "position": [-3.0090359849523596, 0.2594983407994451, 0.6211182293374322], "rotation": [[0.20436735341372247, -0.5512505426743005, 0.8089232497956527], [0.40995245047897105, 0.7986041994865714, 0.44064761534439206], [-0.8889167414358655, 0.24156608156713924, 0.38919513747134715]], "fy": 868.1659661955366, "fx": 868.6513369323759}, {"id": 14, "img_name": "frame_015.png", "width": 1019, "height": 573, "position": [-3.121193135521598, -0.03550799096047585, 1.1615636300975283], "rotation": [[0.034508300236537885, -0.5730815011000648, 0.8187715006713908], [0.41122650917490644, 0.7548337040006544, 0.5109978840039093], [-0.9108797590058774, 0.3190668776315532, 0.2617143332564075]], "fy": 869.0361061952146, "fx": 869.0361061952148}, {"id": 15, "img_name": "frame_016.png", "width": 1022, "height": 574, "position": [-3.2434463439149073, -0.35220417734848863, 1.6859829186649207], "rotation": [[-0.14371665289768096, -0.5791401582444963, 0.8024600929569189], [0.4033803659133281, 0.7061751908250294, 0.5818942174131504], [-0.9036757184275321, 0.4073245351949389, 0.13212463416301332]], "fy": 873.2452928113566, "fx": 873.2452928113565}, {"id": 16, "img_name": "frame_017.png", "width": 1024, "height": 573, "position": [-3.1631637322948203, -0.5764817782387706, 2.0959095244237327], "rotation": [[-0.29317014016477666, -0.567188943148217, 0.7696414565797336], [0.4004368295114567, 0.6581535297945215, 0.6375611945451392], [-0.8681599014505208, 0.4951066895017888, 0.034172379548423365]], "fy": 871.6634550489213, "fx": 872.1507811477625}, {"id": 17, "img_name": "frame_018.png", "width": 1012, "height": 568, "position": [-2.8832937116769615, -0.8172435388774261, 2.5327361163266042], "rotation": [[-0.43023101856533164, -0.5487659192852079, 0.7167686073589555], [0.38174093868812914, 0.6089223115233641, 0.6953326356921189], [-0.8180312502549899, 0.5727735890909283, -0.052490849165863225]], "fy": 865.4553866240083, "fx": 865.455386624008}, {"id": 18, "img_name": "frame_019.png", "width": 999, "height": 561, "position": [-2.387760453741704, -1.1309295179770393, 2.895893900700008], "rotation": [[-0.5612491201698441, -0.5266539603681722, 0.6384630225291793], [0.3439592856589112, 0.5532254575386418, 0.7587052147838261], [-0.7527891038780963, 0.6454279194144609, -0.12934978130144908]], "fy": 860.1125433089708, "fx": 860.1125433089711}, {"id": 19, "img_name": "frame_020.png", "width": 991, "height": 557, "position": [-2.088034780569901, -1.3151255900050425, 3.1532707824868], "rotation": [[-0.6772448190021534, -0.47851500637643307, 0.5588943046831856], [0.30084218027736415, 0.5131165924683091, 0.8038689850340496], [-0.671441313668366, 0.7125550864363214, -0.20354805597947845]], "fy": 861.2729879342334, "fx": 861.2729879342337}, {"id": 20, "img_name": "frame_021.png", "width": 996, "height": 560, "position": [-1.6282826079076869, -1.5269306969221654, 3.539724075410032], "rotation": [[-0.7837580390179486, -0.4137135908459275, 0.4632109681604136], [0.25119922765512614, 0.47093713002426224, 0.8456460060746336], [-0.5679984896988788, 0.7791400928676943, -0.26517622703763055]], "fy": 867.8013402550737, "fx": 867.8013402550738}, {"id": 21, "img_name": "frame_022.png", "width": 1014, "height": 570, "position": [-1.1786155206820077, -1.9097963836882326, 4.012544861318484], "rotation": [[-0.8771374180427153, -0.3311745150190379, 0.34778353967843795], [0.18356209231105014, 0.4379959208519973, 0.8800366649085708], [-0.4437734874186921, 0.8357529622555435, -0.3233915242323704]], "fy": 889.4461949916926, "fx": 889.4461949916926}, {"id": 22, "img_name": "frame_023.png", "width": 1024, "height": 574, "position": [-0.7352147339623302, -2.0369647251984464, 4.2101073576840236], "rotation": [[-0.9421278390622124, -0.23855858643543723, 0.23555240542582406], [0.12106678436880436, 0.4131035903974932, 0.9026008294497061], [-0.312630722397149, 0.8788829412604537, -0.3603148719867256]], "fy": 882.032877824307, "fx": 882.7075014242407}, {"id": 23, "img_name": "frame_024.png", "width": 1023, "height": 575, "position": [-0.18668645588694857, -1.986204137152338, 4.175461234405364], "rotation": [[-0.9822583841036976, -0.14500303384252525, 0.11892260943342894], [0.05190796021728815, 0.3991427086609861, 0.9154182988059892], [-0.18020552301212311, 0.9053503290435337, -0.3845344603240291]], "fy": 885.4660972910742, "fx": 885.4660972910741}, {"id": 24, "img_name": "frame_025.png", "width": 1021, "height": 574, "position": [0.4201833630234696, -1.9589685232485035, 4.014100460810441], "rotation": [[-0.9984829174680167, -0.0550518818982389, 0.001074162007964818], [-0.020358880318730923, 0.3872366984004651, 0.9217555290878782], [-0.0511603314759061, 0.9203352811401774, -0.3877700230444658]], "fy": 884.3790221605568, "fx": 884.3790221605568}, {"id": 25, "img_name": "frame_026.png", "width": 1007, "height": 566, "position": [0.8018298904169797, -1.9818949603625349, 3.927119821868879], "rotation": [[-0.9928470127224097, 0.04014449691675593, -0.11244211264240626], [-0.0890846208369214, 0.3779358471665771, 0.9215359058424277], [0.07949050042947872, 0.9249610342029454, -0.37165621957353107]], "fy": 878.2587833225008, "fx": 878.2587833225006}, {"id": 26, "img_name": "frame_027.png", "width": 1006, "height": 565, "position": [1.2637814202581834, -1.9871884143764642, 3.8432974446923556], "rotation": [[-0.9593598408428881, 0.14783138609954188, -0.24036342704703736], [-0.16960746854477696, 0.37868122394206, 0.9098537449763979], [0.22552605701280015, 0.913644576363058, -0.3382182515634359]], "fy": 882.1781129098642, "fx": 882.1781129098644}, {"id": 27, "img_name": "frame_028.png", "width": 995, "height": 559, "position": [1.9971300647334285, -2.06666972612973, 3.6874343842485486], "rotation": [[-0.9034134143220703, 0.2504524281495388, -0.34801980411600153], [-0.23291994049914186, 0.3948046995479972, 0.888750555855068], [0.3599895889339248, 0.8839699262128864, -0.2983364969465993]], "fy": 882.6389065443346, "fx": 882.6389065443348}, {"id": 28, "img_name": "frame_029.png", "width": 1015, "height": 570, "position": [2.607353252411759, -2.1040974832275765, 3.60870729482606], "rotation": [[-0.8231889664636047, 0.3461823422160411, -0.45001967893681905], [-0.2915784629897753, 0.42234572252909125, 0.8582575898772468], [0.4871775091412801, 0.8377242246701448, -0.24673102356149312]], "fy": 890.0596153159523, "fx": 890.0596153159524}, {"id": 29, "img_name": "frame_030.png", "width": 1017, "height": 572, "position": [2.982404926811238, -1.9748274102437087, 3.363577439259417], "rotation": [[-0.7246407145795289, 0.42969775269115246, -0.5387538177181139], [-0.33920447635656675, 0.45811820087501515, 0.8216252413641554], [0.5998634494560715, 0.7781308086428738, -0.18621569925076306]], "fy": 889.3079704398725, "fx": 889.3079704398723}, {"id": 30, "img_name": "frame_031.png", "width": 1015, "height": 570, "position": [3.3051426953552254, -1.6880509151354417, 2.856038042632899], "rotation": [[-0.5998582857707745, 0.5037357343792456, -0.621627176772018], [-0.3915897202871754, 0.4926838057573738, 0.777123000888432], [0.697730268769787, 0.7095864834210361, -0.09828272782441587]], "fy": 883.8030483948502, "fx": 883.8030483948501}, {"id": 31, "img_name": "frame_032.png", "width": 1002, "height": 563, "position": [3.592432324826916, -1.5419746443304978, 2.4119833176712553], "rotation": [[-0.4570328807716165, 0.5690989671921061, -0.6835549074028179], [-0.4318059990932531, 0.5299089782244172, 0.7298904396854582], [0.7776017779304997, 0.628747040023277, 0.003554521246676959]], "fy": 887.0074718540295, "fx": 887.0074718540297}, {"id": 32, "img_name": "frame_033.png", "width": 1001, "height": 562, "position": [3.8539562541778403, -1.2602538996678818, 1.9170874195702912], "rotation": [[-0.29882780680178056, 0.6163062139115771, -0.7286072965432164], [-0.45630450713348986, 0.5782810736625503, 0.6762966779552821], [0.8381456547949765, 0.5345630463637241, 0.10841683822467063]], "fy": 879.1946948023513, "fx": 879.1946948023511}, {"id": 33, "img_name": "frame_034.png", "width": 1000, "height": 562, "position": [4.145921286953383, -0.9633033024080635, 1.1630773877390157], "rotation": [[-0.1182165125970456, 0.6419463096686429, -0.7575815412562555], [-0.4802929538169484, 0.6307844375350957, 0.6094503030414569], [0.8691050193521972, 0.435908165633937, 0.23375315285675388]], "fy": 879.204657168642, "fx": 879.2046571686421}, {"id": 34, "img_name": "frame_035.png", "width": 1008, "height": 566, "position": [4.249102729379426, -0.6990309427498388, 0.6230444456518348], "rotation": [[0.049786221463144514, 0.6435308761895592, -0.7637992822352745], [-0.47878935499894903, 0.6865246551718666, 0.5472153610607435], [0.8765170196248975, 0.3384551805362827, 0.3422952016550032]], "fy": 881.7837174849258, "fx": 881.7837174849259}, {"id": 35, "img_name": "frame_036.png", "width": 1014, "height": 570, "position": [4.009056618096872, -0.3343457895288557, 0.13007526923319634], "rotation": [[0.21148372850265296, 0.6277908030749548, -0.7491016887933968], [-0.46374107372583206, 0.7391242865225894, 0.4885074263632903], [0.8603597207669755, 0.24407784956234035, 0.4474451410338425]], "fy": 870.6636804135952, "fx": 870.6636804135951}, {"id": 36, "img_name": "frame_037.png", "width": 1001, "height": 562, "position": [3.5706558862150417, -0.034214505505015834, -0.4083489917041793], "rotation": [[0.3734487543522764, 0.5961583567478199, -0.7107258554129517], [-0.44656056731896515, 0.7870743255272599, 0.4255557141098836], [0.8130926685123269, 0.15845888985963516, 0.5601527404520618]], "fy": 866.1657591831464, "fx": 866.1657591831467}, {"id": 37, "img_name": "frame_038.png", "width": 1001, "height": 562, "position": [3.313444396961021, 0.15492437499510214, -0.8096215037694702], "rotation": [[0.5196524507738705, 0.5494714997131163, -0.65424949477071], [-0.41135297400108417, 0.832069568477085, 0.372087306952039], [0.7488324653653672, 0.07577139445316194, 0.6584137260093001]], "fy": 865.8170775628657, "fx": 865.8170775628656}, {"id": 38, "img_name": "frame_039.png", "width": 993, "height": 558, "position": [2.9723782931452667, 0.46846881567983006, -1.3220927304788552], "rotation": [[0.6591665390619584, 0.48262192997454806, -0.5766936331265694], [-0.3675789563520013, 0.8758096279338808, 0.3127989873153223], [0.6560374872126238, 0.005793817908782033, 0.7547060666549503]], "fy": 872.4749330581019, "fx": 872.4749330581019}, {"id": 39, "img_name": "frame_040.png", "width": 995, "height": 559, "position": [2.569893255565334, 0.7845142574489748, -2.1720706661235782], "rotation": [[0.779404862498495, 0.40453227472466907, -0.478415822292477], [-0.316442706046189, 0.9132284631781562, 0.25666668625169864], [0.5407329045877153, -0.04865606588440557, 0.8397859924699775]], "fy": 892.9959878683449, "fx": 892.9959878683449}, {"id": 40, "img_name": "frame_041.png", "width": 996, "height": 560, "position": [2.135308504564601, 0.9545037492563744, -2.489035790367315], "rotation": [[0.8683537428148626, 0.3272611799649251, -0.37264178164476464], [-0.26177305551250757, 0.9406299678840012, 0.216078992329631], [0.421232293096179, -0.0900854239403243, 0.9024677122459435]], "fy": 871.6348297024134, "fx": 871.6348297024133}, {"id": 41, "img_name": "frame_042.png", "width": 1010, "height": 567, "position": [1.6151800622661825, 1.1203609658828364, -2.5679950408267294], "rotation": [[0.9309058398872561, 0.25220947267988003, -0.2642057894035247], [-0.20823331237817444, 0.9607279233108543, 0.18341413518817665], [0.3000886616981995, -0.11572484288755797, 0.9468656482621142]], "fy": 870.2062000946079, "fx": 870.2062000946075}, {"id": 42, "img_name": "frame_043.png", "width": 1008, "height": 566, "position": [1.0215057687850766, 1.133167284838318, -2.557324214609001], "rotation": [[0.9744999235318009, 0.1799940074272196, -0.13398528399344564], [-0.15773384305939736, 0.9741883875904196, 0.16148380797371523], [0.15959302550621587, -0.13623194476431855, 0.9777376557315894]], "fy": 861.7418990338737, "fx": 861.7418990338737}, {"id": 43, "img_name": "frame_044.png", "width": 1010, "height": 567, "position": [0.6549366152532035, 1.1874184526043763, -2.595883027546974], "rotation": [[0.9941689480991175, 0.10524770112492443, -0.02347390132493665], [-0.10066473419767101, 0.9838656170356045, 0.14790219370942945], [0.03866153029054238, -0.14467677430419829, 0.9887233774178323]], "fy": 860.651082083155, "fx": 860.651082083155}, {"id": 44, "img_name": "frame_045.png", "width": 1021, "height": 573, "position": [0.11583108945579272, 1.2382575543614083, -2.77116379644924], "rotation": [[0.9955616801022722, 0.030434845979513098, 0.08905426021333553], [-0.04302532356670316, 0.9887767534821078, 0.14307114770408255], [-0.08370043395300683, -0.1462677405431089, 0.9856977150386887]], "fy": 870.8228769593167, "fx": 870.8228769593165}, {"id": 45, "img_name": "frame_046.png", "width": 1024, "height": 574, "position": [-0.5330739925923834, 1.3150910880948083, -2.9949029340446254], "rotation": [[0.9821161091710882, -0.03636113329921024, 0.18473174088889144], [0.009683732058670602, 0.9896307527225867, 0.1433080548997239], [-0.1880270550746869, -0.13895625660949373, 0.9722844158521811]], "fy": 877.4685537476747, "fx": 877.0997645129213}, {"id": 46, "img_name": "frame_047.png", "width": 1018, "height": 572, "position": [-0.9531804239534921, 1.378769797883717, -2.9962183155619977], "rotation": [[0.9571850080375047, -0.09101137912271717, 0.2747977242599056], [0.05273139183395388, 0.988227168076128, 0.14361916512600456], [-0.2846335551257021, -0.1229796452524465, 0.9507153865116974]], "fy": 878.2998307945038, "fx": 878.2998307945036}, {"id": 47, "img_name": "frame_048.png", "width": 1015, "height": 571, "position": [-1.3605878738475985, 1.3323472086307098, -2.689077276626892], "rotation": [[0.9301335099921461, -0.13376209811085374, 0.34199320855635773], [0.08686007025365378, 0.9850110417422684, 0.14902542011798298], [-0.3568010394957116, -0.10890798297091599, 0.9278103628759415]], "fy": 876.4641128270147, "fx": 876.4641128270147}, {"id": 48, "img_name": "frame_049.png", "width": 1006, "height": 565, "position": [-1.6548733683464947, 1.1697574849122594, -2.2547367592424425], "rotation": [[0.9081816594220876, -0.16455549935564637, 0.38487343519806255], [0.1120301215296102, 0.9814959890764464, 0.15528964967733372], [-0.40330549879638905, -0.09791379401627807, 0.909811828666749]], "fy": 868.6671697038284, "fx": 868.6671697038287}]